Name: Philip Oetinger, Thijs Baksteen
IBC, Practical 3



String s:
GTCAGTCATGTGTCAAACAGTG

String t:
ACTGCGTTGAGTCAGATG

Matrix D:

   0   5  10  15  20  25  30  35  40  45  50  55  60  65  70  75  80  85  90
   5   4   9  14  15  20  25  30  35  40  45  50  55  60  65  70  75  80  85
  10   9   8   9  14  19  24  25  30  35  40  45  50  55  60  65  70  75  80
  15  14   9  12  13  14  19  24  29  34  39  44  49  50  55  60  65  70  75
  20  15  14  13  16  17  18  23  28  33  34  39  44  49  50  55  60  65  70
  25  20  19  18  13  18  17  22  27  28  33  34  39  44  49  50  55  60  65
  30  25  24  19  18  17  22  17  22  27  32  37  34  39  44  49  54  55  60
  35  30  25  24  23  18  21  22  21  26  31  36  39  34  39  44  49  54  59
  40  35  30  29  28  23  22  25  26  25  26  31  36  39  34  39  44  49  54
  45  40  35  30  33  28  27  22  25  30  29  30  31  36  39  38  43  44  49
  50  45  40  35  30  33  28  27  26  25  30  29  34  35  40  39  42  47  44
  55  50  45  40  35  34  33  28  27  30  29  34  29  34  39  44  43  42  47
  60  55  50  45  40  39  34  33  32  27  32  29  34  33  38  39  44  47  42
  65  60  55  50  45  44  39  34  33  32  31  34  29  34  37  42  43  44  47
  70  65  60  55  50  45  44  39  38  37  36  35  34  29  34  39  44  47  48
  75  70  65  60  55  50  49  44  43  42  37  40  39  34  29  34  39  44  49
  80  75  70  65  60  55  54  49  48  47  42  41  44  39  34  33  34  39  44
  85  80  75  70  65  60  59  54  53  52  47  46  45  44  39  38  33  38  43
  90  85  80  75  70  65  64  59  58  57  52  51  50  45  44  43  38  37  42
  95  90  85  80  75  70  69  64  63  62  57  56  55  50  45  48  43  42  41
 100  95  90  85  80  75  70  69  68  63  62  57  60  55  50  45  48  47  42
 105 100  95  90  85  80  75  70  69  68  67  62  57  60  55  50  49  48  47
 110 105 100  95  90  85  80  75  74  69  72  67  62  61  60  55  54  53  48


Matrix P:

*------------------
|\\\\-\--\-\---\--\
|\\\-\\\\---\----\-
|\\\\\--\\\\\\-----
|\|\\\\\\\\---\-\--
||\\\-\\\\-\---\--\
||\\|\\\\-\\\---\\-
||\|\\\|\\\\|\----\
|\|\\|\\\\\--|\-\--
|||\\|\\\\\\\-|\\\-
||||\|\|\\-\\\\\\\\
|||\|\|\\\\\\-\\\\-
||||\\\|\\-\|\\\-\\
|||\|\|\\|\|\-\\\\|
||\||\||\\\\|\---\\
|\||||\|\\\\\|\-\--
|\||||\|\\\\\|\\\--
|\||||\|\\\\\|\\\\\
||\||\\|\\|\\\|\|\\
|\||||\|\\\\\|\\\\\
||||\|\|\\|\\||\|\\
|||\|||\\|\|\|||\\|
||||\|\|\\\\|\|\\\\


Alignment:


GTCAGTCATGTGTCAAACAGTG
  | |   || |||  | | ||
-ACTGCGTTGAGTC--AGA-TG
